[Athletic]
songname = athletic.ogg
volume = 80
loopS = 0.09414903772189486210405541416976
loopE = 1

[Overworld]
songname = overworld.ogg
volume = 80
loopS = 0.11939203354297693920335429769392
loopE = 1

[Starman]
songname = starman.ogg
volume = 80
loopS = 0
loopE = 1