[Plains]
songname = plains.ogg
volume = 80
loopS = 0.1261260468661727
loopE = 1

[Athletic]
songname = athletic.ogg
volume = 80
loopS = 0.0823812881385541
loopE = 1